2025-04-13 18:09:54.270862 - Received CBT.V508.FILE282.PDS from FILE282.XMI 
2025-04-13 18:09:54.282827 - Found $$$#DATE.txt (text/plain) in CBT.V508.FILE282.PDS, moved to PDS/$$$#DATE
2025-04-13 18:09:54.282972 - Found $CALL.txt (text/plain) in CBT.V508.FILE282.PDS, moved to PDS/$CALL
2025-04-13 18:09:54.283074 - Found $CC.txt (text/plain) in CBT.V508.FILE282.PDS, moved to PDS/$CC
2025-04-13 18:09:54.283156 - Found $COPYWRT.txt (text/plain) in CBT.V508.FILE282.PDS, moved to PDS/$COPYWRT
2025-04-13 18:09:54.283219 - Found $ENTER.txt (text/plain) in CBT.V508.FILE282.PDS, moved to PDS/$ENTER
2025-04-13 18:09:54.283290 - Found $EXIT.txt (text/plain) in CBT.V508.FILE282.PDS, moved to PDS/$EXIT
2025-04-13 18:09:54.283357 - Found $FOTERM.txt (text/plain) in CBT.V508.FILE282.PDS, moved to PDS/$FOTERM
2025-04-13 18:09:54.283474 - Found $HEAD.txt (text/plain) in CBT.V508.FILE282.PDS, moved to PDS/$HEAD
2025-04-13 18:09:54.283573 - Found $IFANY.txt (text/plain) in CBT.V508.FILE282.PDS, moved to PDS/$IFANY
2025-04-13 18:09:54.283669 - Found $IFNONE.txt (text/plain) in CBT.V508.FILE282.PDS, moved to PDS/$IFNONE
2025-04-13 18:09:54.283757 - Found $IFOFF.txt (text/plain) in CBT.V508.FILE282.PDS, moved to PDS/$IFOFF
2025-04-13 18:09:54.283833 - Found $IFON.txt (text/plain) in CBT.V508.FILE282.PDS, moved to PDS/$IFON
2025-04-13 18:09:54.283910 - Found $LINECTL.txt (text/plain) in CBT.V508.FILE282.PDS, moved to PDS/$LINECTL
2025-04-13 18:09:54.284010 - Found $LOGERR.txt (text/plain) in CBT.V508.FILE282.PDS, moved to PDS/$LOGERR
2025-04-13 18:09:54.284127 - Found $MSGSECT.txt (text/plain) in CBT.V508.FILE282.PDS, moved to PDS/$MSGSECT
2025-04-13 18:09:54.284202 - Found $MVC.txt (text/plain) in CBT.V508.FILE282.PDS, moved to PDS/$MVC
2025-04-13 18:09:54.284322 - Found $NSCDAT.txt (text/plain) in CBT.V508.FILE282.PDS, moved to PDS/$NSCDAT
2025-04-13 18:09:54.284394 - Found $OFF.txt (text/plain) in CBT.V508.FILE282.PDS, moved to PDS/$OFF
2025-04-13 18:09:54.284465 - Found $ON.txt (text/plain) in CBT.V508.FILE282.PDS, moved to PDS/$ON
2025-04-13 18:09:54.284550 - Found $RESTOR.txt (text/plain) in CBT.V508.FILE282.PDS, moved to PDS/$RESTOR
2025-04-13 18:09:54.284621 - Found $SAVE.txt (text/plain) in CBT.V508.FILE282.PDS, moved to PDS/$SAVE
2025-04-13 18:09:54.284709 - Found $SCRCVT.txt (text/plain) in CBT.V508.FILE282.PDS, moved to PDS/$SCRCVT
2025-04-13 18:09:54.284778 - Found $SETON.txt (text/plain) in CBT.V508.FILE282.PDS, moved to PDS/$SETON
2025-04-13 18:09:54.284850 - Found $SPCTL.txt (text/plain) in CBT.V508.FILE282.PDS, moved to PDS/$SPCTL
2025-04-13 18:09:54.284932 - Found $SPCTLGN.txt (text/plain) in CBT.V508.FILE282.PDS, moved to PDS/$SPCTLGN
2025-04-13 18:09:54.285012 - Found $SPCTLTB.txt (text/plain) in CBT.V508.FILE282.PDS, moved to PDS/$SPCTLTB
2025-04-13 18:09:54.285095 - Found $SYSREF.txt (text/plain) in CBT.V508.FILE282.PDS, moved to PDS/$SYSREF
2025-04-13 18:09:54.285181 - Found $VERSION.txt (text/plain) in CBT.V508.FILE282.PDS, moved to PDS/$VERSION
2025-04-13 18:09:54.285253 - Found $WITCHS.txt (text/plain) in CBT.V508.FILE282.PDS, moved to PDS/$WITCHS
2025-04-13 18:09:54.285335 - Found #AB.txt (text/plain) in CBT.V508.FILE282.PDS, moved to PDS/#AB
2025-04-13 18:09:54.285403 - Found #AD.txt (text/plain) in CBT.V508.FILE282.PDS, moved to PDS/#AD
2025-04-13 18:09:54.285478 - Found #ADJUST.txt (text/plain) in CBT.V508.FILE282.PDS, moved to PDS/#ADJUST
2025-04-13 18:09:54.285560 - Found #AP.txt (text/plain) in CBT.V508.FILE282.PDS, moved to PDS/#AP
2025-04-13 18:09:54.285635 - Found #AR.txt (text/plain) in CBT.V508.FILE282.PDS, moved to PDS/#AR
2025-04-13 18:09:54.285719 - Found #ARGINIT.txt (text/plain) in CBT.V508.FILE282.PDS, moved to PDS/#ARGINIT
2025-04-13 18:09:54.285790 - Found #BC.txt (text/plain) in CBT.V508.FILE282.PDS, moved to PDS/#BC
2025-04-13 18:09:54.285864 - Found #BM.txt (text/plain) in CBT.V508.FILE282.PDS, moved to PDS/#BM
2025-04-13 18:09:54.285941 - Found #BR.txt (text/plain) in CBT.V508.FILE282.PDS, moved to PDS/#BR
2025-04-13 18:09:54.286015 - Found #BS.txt (text/plain) in CBT.V508.FILE282.PDS, moved to PDS/#BS
2025-04-13 18:09:54.286081 - Found #BX.txt (text/plain) in CBT.V508.FILE282.PDS, moved to PDS/#BX
2025-04-13 18:09:54.286180 - Found #BXHORIZ.txt (text/plain) in CBT.V508.FILE282.PDS, moved to PDS/#BXHORIZ
2025-04-13 18:09:54.286268 - Found #BXVERT.txt (text/plain) in CBT.V508.FILE282.PDS, moved to PDS/#BXVERT
2025-04-13 18:09:54.286340 - Found #CB.txt (text/plain) in CBT.V508.FILE282.PDS, moved to PDS/#CB
2025-04-13 18:09:54.286436 - Found #CC.txt (text/plain) in CBT.V508.FILE282.PDS, moved to PDS/#CC
2025-04-13 18:09:54.286501 - Found #CD.txt (text/plain) in CBT.V508.FILE282.PDS, moved to PDS/#CD
2025-04-13 18:09:54.286573 - Found #CE.txt (text/plain) in CBT.V508.FILE282.PDS, moved to PDS/#CE
2025-04-13 18:09:54.286639 - Found #CENTER.txt (text/plain) in CBT.V508.FILE282.PDS, moved to PDS/#CENTER
2025-04-13 18:09:54.286707 - Found #CL.txt (text/plain) in CBT.V508.FILE282.PDS, moved to PDS/#CL
2025-04-13 18:09:54.286778 - Found #CM.txt (text/plain) in CBT.V508.FILE282.PDS, moved to PDS/#CM
2025-04-13 18:09:54.286863 - Found #CO.txt (text/plain) in CBT.V508.FILE282.PDS, moved to PDS/#CO
2025-04-13 18:09:54.286958 - Found #COLBAL.txt (text/plain) in CBT.V508.FILE282.PDS, moved to PDS/#COLBAL
2025-04-13 18:09:54.287033 - Found #COLNEW.txt (text/plain) in CBT.V508.FILE282.PDS, moved to PDS/#COLNEW
2025-04-13 18:09:54.287102 - Found #COLPAGE.txt (text/plain) in CBT.V508.FILE282.PDS, moved to PDS/#COLPAGE
2025-04-13 18:09:54.287190 - Found #COLPRT.txt (text/plain) in CBT.V508.FILE282.PDS, moved to PDS/#COLPRT
2025-04-13 18:09:54.287259 - Found #COLSAVE.txt (text/plain) in CBT.V508.FILE282.PDS, moved to PDS/#COLSAVE
2025-04-13 18:09:54.287330 - Found #CP.txt (text/plain) in CBT.V508.FILE282.PDS, moved to PDS/#CP
2025-04-13 18:09:54.287415 - Found #CPFKNXT.txt (text/plain) in CBT.V508.FILE282.PDS, moved to PDS/#CPFKNXT
2025-04-13 18:09:54.287490 - Found #CPFKPRT.txt (text/plain) in CBT.V508.FILE282.PDS, moved to PDS/#CPFKPRT
2025-04-13 18:09:54.287565 - Found #CR.txt (text/plain) in CBT.V508.FILE282.PDS, moved to PDS/#CR
2025-04-13 18:09:54.287627 - Found #CS.txt (text/plain) in CBT.V508.FILE282.PDS, moved to PDS/#CS
2025-04-13 18:09:54.287695 - Found #CW.txt (text/plain) in CBT.V508.FILE282.PDS, moved to PDS/#CW
2025-04-13 18:09:54.287764 - Found #DA.txt (text/plain) in CBT.V508.FILE282.PDS, moved to PDS/#DA
2025-04-13 18:09:54.287832 - Found #DC.txt (text/plain) in CBT.V508.FILE282.PDS, moved to PDS/#DC
2025-04-13 18:09:54.287901 - Found #DCOMPOZ.txt (text/plain) in CBT.V508.FILE282.PDS, moved to PDS/#DCOMPOZ
2025-04-13 18:09:54.287989 - Found #DDBLOCK.txt (text/plain) in CBT.V508.FILE282.PDS, moved to PDS/#DDBLOCK
2025-04-13 18:09:54.288056 - Found #DEUDATA.txt (text/plain) in CBT.V508.FILE282.PDS, moved to PDS/#DEUDATA
2025-04-13 18:09:54.288126 - Found #DEUH01.txt (text/plain) in CBT.V508.FILE282.PDS, moved to PDS/#DEUH01
2025-04-13 18:09:54.288209 - Found #DEUH02.txt (text/plain) in CBT.V508.FILE282.PDS, moved to PDS/#DEUH02
2025-04-13 18:09:54.288282 - Found #DEUH03.txt (text/plain) in CBT.V508.FILE282.PDS, moved to PDS/#DEUH03
2025-04-13 18:09:54.288350 - Found #DEUH04.txt (text/plain) in CBT.V508.FILE282.PDS, moved to PDS/#DEUH04
2025-04-13 18:09:54.288417 - Found #DEUH05.txt (text/plain) in CBT.V508.FILE282.PDS, moved to PDS/#DEUH05
2025-04-13 18:09:54.288482 - Found #DEUH06.txt (text/plain) in CBT.V508.FILE282.PDS, moved to PDS/#DEUH06
2025-04-13 18:09:54.288572 - Found #DEUH07.txt (text/plain) in CBT.V508.FILE282.PDS, moved to PDS/#DEUH07
2025-04-13 18:09:54.288642 - Found #DEUH08.txt (text/plain) in CBT.V508.FILE282.PDS, moved to PDS/#DEUH08
2025-04-13 18:09:54.288710 - Found #DEUH09.txt (text/plain) in CBT.V508.FILE282.PDS, moved to PDS/#DEUH09
2025-04-13 18:09:54.288806 - Found #DEUH10.txt (text/plain) in CBT.V508.FILE282.PDS, moved to PDS/#DEUH10
2025-04-13 18:09:54.288915 - Found #DEUH11.txt (text/plain) in CBT.V508.FILE282.PDS, moved to PDS/#DEUH11
2025-04-13 18:09:54.289009 - Found #DEUH12.txt (text/plain) in CBT.V508.FILE282.PDS, moved to PDS/#DEUH12
2025-04-13 18:09:54.289093 - Found #DEUH13.txt (text/plain) in CBT.V508.FILE282.PDS, moved to PDS/#DEUH13
2025-04-13 18:09:54.289228 - Found #DEUH14.txt (text/plain) in CBT.V508.FILE282.PDS, moved to PDS/#DEUH14
2025-04-13 18:09:54.289348 - Found #DEUH15.txt (text/plain) in CBT.V508.FILE282.PDS, moved to PDS/#DEUH15
2025-04-13 18:09:54.289447 - Found #DEUH16.txt (text/plain) in CBT.V508.FILE282.PDS, moved to PDS/#DEUH16
2025-04-13 18:09:54.289591 - Found #DEUH17.txt (text/plain) in CBT.V508.FILE282.PDS, moved to PDS/#DEUH17
2025-04-13 18:09:54.289708 - Found #DEUH18.txt (text/plain) in CBT.V508.FILE282.PDS, moved to PDS/#DEUH18
2025-04-13 18:09:54.289841 - Found #DEUH24.txt (text/plain) in CBT.V508.FILE282.PDS, moved to PDS/#DEUH24
2025-04-13 18:09:54.289964 - Found #DEUH25.txt (text/plain) in CBT.V508.FILE282.PDS, moved to PDS/#DEUH25
2025-04-13 18:09:54.290074 - Found #DH.txt (text/plain) in CBT.V508.FILE282.PDS, moved to PDS/#DH
2025-04-13 18:09:54.290202 - Found #DHCLR.txt (text/plain) in CBT.V508.FILE282.PDS, moved to PDS/#DHCLR
2025-04-13 18:09:54.290318 - Found #DM.txt (text/plain) in CBT.V508.FILE282.PDS, moved to PDS/#DM
2025-04-13 18:09:54.290402 - Found #DO.txt (text/plain) in CBT.V508.FILE282.PDS, moved to PDS/#DO
2025-04-13 18:09:54.290473 - Found #DS.txt (text/plain) in CBT.V508.FILE282.PDS, moved to PDS/#DS
2025-04-13 18:09:54.290579 - Found #DSECTS.txt (text/plain) in CBT.V508.FILE282.PDS, moved to PDS/#DSECTS
2025-04-13 18:09:54.290667 - Found #DUMPIT.txt (text/plain) in CBT.V508.FILE282.PDS, moved to PDS/#DUMPIT
2025-04-13 18:09:54.290739 - Found #EF.txt (text/plain) in CBT.V508.FILE282.PDS, moved to PDS/#EF
2025-04-13 18:09:54.290810 - Found #EL.txt (text/plain) in CBT.V508.FILE282.PDS, moved to PDS/#EL
2025-04-13 18:09:54.290883 - Found #EM.txt (text/plain) in CBT.V508.FILE282.PDS, moved to PDS/#EM
2025-04-13 18:09:54.290951 - Found #EN.txt (text/plain) in CBT.V508.FILE282.PDS, moved to PDS/#EN
2025-04-13 18:09:54.291019 - Found #ER.txt (text/plain) in CBT.V508.FILE282.PDS, moved to PDS/#ER
2025-04-13 18:09:54.291102 - Found #ERROUT.txt (text/plain) in CBT.V508.FILE282.PDS, moved to PDS/#ERROUT
2025-04-13 18:09:54.291174 - Found #EZ.txt (text/plain) in CBT.V508.FILE282.PDS, moved to PDS/#EZ
2025-04-13 18:09:54.291250 - Found #FB.txt (text/plain) in CBT.V508.FILE282.PDS, moved to PDS/#FB
2025-04-13 18:09:54.291342 - Found #FD.txt (text/plain) in CBT.V508.FILE282.PDS, moved to PDS/#FD
2025-04-13 18:09:54.291412 - Found #FE.txt (text/plain) in CBT.V508.FILE282.PDS, moved to PDS/#FE
2025-04-13 18:09:54.291487 - Found #FK.txt (text/plain) in CBT.V508.FILE282.PDS, moved to PDS/#FK
2025-04-13 18:09:54.291557 - Found #FLUSHSP.txt (text/plain) in CBT.V508.FILE282.PDS, moved to PDS/#FLUSHSP
2025-04-13 18:09:54.291627 - Found #FM.txt (text/plain) in CBT.V508.FILE282.PDS, moved to PDS/#FM
2025-04-13 18:09:54.291699 - Found #FN.txt (text/plain) in CBT.V508.FILE282.PDS, moved to PDS/#FN
2025-04-13 18:09:54.291774 - Found #FNPRT.txt (text/plain) in CBT.V508.FILE282.PDS, moved to PDS/#FNPRT
2025-04-13 18:09:54.291848 - Found #FNSAVE.txt (text/plain) in CBT.V508.FILE282.PDS, moved to PDS/#FNSAVE
2025-04-13 18:09:54.291920 - Found #FO.txt (text/plain) in CBT.V508.FILE282.PDS, moved to PDS/#FO
2025-04-13 18:09:54.291988 - Found #FOADD.txt (text/plain) in CBT.V508.FILE282.PDS, moved to PDS/#FOADD
2025-04-13 18:09:54.292057 - Found #FOASM3.txt (text/plain) in CBT.V508.FILE282.PDS, moved to PDS/#FOASM3
2025-04-13 18:09:54.292128 - Found #FOHYPH.txt (text/plain) in CBT.V508.FILE282.PDS, moved to PDS/#FOHYPH
2025-04-13 18:09:54.292201 - Found #FOMYTE.txt (text/plain) in CBT.V508.FILE282.PDS, moved to PDS/#FOMYTE
2025-04-13 18:09:54.292281 - Found #FOQUME.txt (text/plain) in CBT.V508.FILE282.PDS, moved to PDS/#FOQUME
2025-04-13 18:09:54.292351 - Found #FO1620.txt (text/plain) in CBT.V508.FILE282.PDS, moved to PDS/#FO1620
2025-04-13 18:09:54.292419 - Found #FO2741.txt (text/plain) in CBT.V508.FILE282.PDS, moved to PDS/#FO2741
2025-04-13 18:09:54.292497 - Found #FREECEL.txt (text/plain) in CBT.V508.FILE282.PDS, moved to PDS/#FREECEL
2025-04-13 18:09:54.292569 - Found #FS.txt (text/plain) in CBT.V508.FILE282.PDS, moved to PDS/#FS
2025-04-13 18:09:54.292645 - Found #FV.txt (text/plain) in CBT.V508.FILE282.PDS, moved to PDS/#FV
2025-04-13 18:09:54.292714 - Found #GETARG.txt (text/plain) in CBT.V508.FILE282.PDS, moved to PDS/#GETARG
2025-04-13 18:09:54.292788 - Found #GETCELL.txt (text/plain) in CBT.V508.FILE282.PDS, moved to PDS/#GETCELL
2025-04-13 18:09:54.292888 - Found #GETNUM.txt (text/plain) in CBT.V508.FILE282.PDS, moved to PDS/#GETNUM
2025-04-13 18:09:54.292962 - Found #GETQST.txt (text/plain) in CBT.V508.FILE282.PDS, moved to PDS/#GETQST
2025-04-13 18:09:54.293039 - Found #GETSYM.txt (text/plain) in CBT.V508.FILE282.PDS, moved to PDS/#GETSYM
2025-04-13 18:09:54.293112 - Found #GETYESN.txt (text/plain) in CBT.V508.FILE282.PDS, moved to PDS/#GETYESN
2025-04-13 18:09:54.293186 - Found #GO.txt (text/plain) in CBT.V508.FILE282.PDS, moved to PDS/#GO
2025-04-13 18:09:54.293284 - Found #HD.txt (text/plain) in CBT.V508.FILE282.PDS, moved to PDS/#HD
2025-04-13 18:09:54.293365 - Found #HE.txt (text/plain) in CBT.V508.FILE282.PDS, moved to PDS/#HE
2025-04-13 18:09:54.293438 - Found #HEADCLR.txt (text/plain) in CBT.V508.FILE282.PDS, moved to PDS/#HEADCLR
2025-04-13 18:09:54.293536 - Found #HEADPRT.txt (text/plain) in CBT.V508.FILE282.PDS, moved to PDS/#HEADPRT
2025-04-13 18:09:54.293612 - Found #HEADSAV.txt (text/plain) in CBT.V508.FILE282.PDS, moved to PDS/#HEADSAV
2025-04-13 18:09:54.293680 - Found #HI.txt (text/plain) in CBT.V508.FILE282.PDS, moved to PDS/#HI
2025-04-13 18:09:54.293754 - Found #HIDB.txt (text/plain) in CBT.V508.FILE282.PDS, moved to PDS/#HIDB
2025-04-13 18:09:54.293828 - Found #HIDTC.txt (text/plain) in CBT.V508.FILE282.PDS, moved to PDS/#HIDTC
2025-04-13 18:09:54.293910 - Found #HL.txt (text/plain) in CBT.V508.FILE282.PDS, moved to PDS/#HL
2025-04-13 18:09:54.293980 - Found #HM.txt (text/plain) in CBT.V508.FILE282.PDS, moved to PDS/#HM
2025-04-13 18:09:54.294053 - Found #HN.txt (text/plain) in CBT.V508.FILE282.PDS, moved to PDS/#HN
2025-04-13 18:09:54.294136 - Found #HS.txt (text/plain) in CBT.V508.FILE282.PDS, moved to PDS/#HS
2025-04-13 18:09:54.294212 - Found #HV.txt (text/plain) in CBT.V508.FILE282.PDS, moved to PDS/#HV
2025-04-13 18:09:54.294298 - Found #HW.txt (text/plain) in CBT.V508.FILE282.PDS, moved to PDS/#HW
2025-04-13 18:09:54.294381 - Found #HY.txt (text/plain) in CBT.V508.FILE282.PDS, moved to PDS/#HY
2025-04-13 18:09:54.294458 - Found #HYSCN.txt (text/plain) in CBT.V508.FILE282.PDS, moved to PDS/#HYSCN
2025-04-13 18:09:54.294535 - Found #IF.txt (text/plain) in CBT.V508.FILE282.PDS, moved to PDS/#IF
2025-04-13 18:09:54.294604 - Found #IL.txt (text/plain) in CBT.V508.FILE282.PDS, moved to PDS/#IL
2025-04-13 18:09:54.294673 - Found #IM.txt (text/plain) in CBT.V508.FILE282.PDS, moved to PDS/#IM
2025-04-13 18:09:54.294768 - Found #IN.txt (text/plain) in CBT.V508.FILE282.PDS, moved to PDS/#IN
2025-04-13 18:09:54.294843 - Found #IOADJ.txt (text/plain) in CBT.V508.FILE282.PDS, moved to PDS/#IOADJ
2025-04-13 18:09:54.294920 - Found #IOPRINT.txt (text/plain) in CBT.V508.FILE282.PDS, moved to PDS/#IOPRINT
2025-04-13 18:09:54.294995 - Found #IX.txt (text/plain) in CBT.V508.FILE282.PDS, moved to PDS/#IX
2025-04-13 18:09:54.295066 - Found #IXCLR.txt (text/plain) in CBT.V508.FILE282.PDS, moved to PDS/#IXCLR
2025-04-13 18:09:54.295142 - Found #IXDUMP.txt (text/plain) in CBT.V508.FILE282.PDS, moved to PDS/#IXDUMP
2025-04-13 18:09:54.295209 - Found #IXPROC.txt (text/plain) in CBT.V508.FILE282.PDS, moved to PDS/#IXPROC
2025-04-13 18:09:54.295291 - Found #JU.txt (text/plain) in CBT.V508.FILE282.PDS, moved to PDS/#JU
2025-04-13 18:09:54.295363 - Found #LA.txt (text/plain) in CBT.V508.FILE282.PDS, moved to PDS/#LA
2025-04-13 18:09:54.295434 - Found #LB.txt (text/plain) in CBT.V508.FILE282.PDS, moved to PDS/#LB
2025-04-13 18:09:54.295504 - Found #LE.txt (text/plain) in CBT.V508.FILE282.PDS, moved to PDS/#LE
2025-04-13 18:09:54.295575 - Found #LI.txt (text/plain) in CBT.V508.FILE282.PDS, moved to PDS/#LI
2025-04-13 18:09:54.295645 - Found #LKADD.txt (text/plain) in CBT.V508.FILE282.PDS, moved to PDS/#LKADD
2025-04-13 18:09:54.295737 - Found #LKCHAIN.txt (text/plain) in CBT.V508.FILE282.PDS, moved to PDS/#LKCHAIN
2025-04-13 18:09:54.295810 - Found #LKGESC.txt (text/plain) in CBT.V508.FILE282.PDS, moved to PDS/#LKGESC
2025-04-13 18:09:54.295877 - Found #LKGETP.txt (text/plain) in CBT.V508.FILE282.PDS, moved to PDS/#LKGETP
2025-04-13 18:09:54.295952 - Found #LKGETT.txt (text/plain) in CBT.V508.FILE282.PDS, moved to PDS/#LKGETT
2025-04-13 18:09:54.296037 - Found #LKINIT.txt (text/plain) in CBT.V508.FILE282.PDS, moved to PDS/#LKINIT
2025-04-13 18:09:54.296113 - Found #LKPUT.txt (text/plain) in CBT.V508.FILE282.PDS, moved to PDS/#LKPUT
2025-04-13 18:09:54.296185 - Found #LL.txt (text/plain) in CBT.V508.FILE282.PDS, moved to PDS/#LL
2025-04-13 18:09:54.296261 - Found #LN.txt (text/plain) in CBT.V508.FILE282.PDS, moved to PDS/#LN
2025-04-13 18:09:54.296336 - Found #LS.txt (text/plain) in CBT.V508.FILE282.PDS, moved to PDS/#LS
2025-04-13 18:09:54.296407 - Found #MAINOC.txt (text/plain) in CBT.V508.FILE282.PDS, moved to PDS/#MAINOC
2025-04-13 18:09:54.296476 - Found #MC.txt (text/plain) in CBT.V508.FILE282.PDS, moved to PDS/#MC
2025-04-13 18:09:54.296560 - Found #MERGE.txt (text/plain) in CBT.V508.FILE282.PDS, moved to PDS/#MERGE
2025-04-13 18:09:54.296629 - Found #MS.txt (text/plain) in CBT.V508.FILE282.PDS, moved to PDS/#MS
2025-04-13 18:09:54.296697 - Found #NC.txt (text/plain) in CBT.V508.FILE282.PDS, moved to PDS/#NC
2025-04-13 18:09:54.296766 - Found #NF.txt (text/plain) in CBT.V508.FILE282.PDS, moved to PDS/#NF
2025-04-13 18:09:54.296837 - Found #NJ.txt (text/plain) in CBT.V508.FILE282.PDS, moved to PDS/#NJ
2025-04-13 18:09:54.296914 - Found #NL.txt (text/plain) in CBT.V508.FILE282.PDS, moved to PDS/#NL
2025-04-13 18:09:54.296976 - Found #OC.txt (text/plain) in CBT.V508.FILE282.PDS, moved to PDS/#OC
2025-04-13 18:09:54.297043 - Found #ODDEVN.txt (text/plain) in CBT.V508.FILE282.PDS, moved to PDS/#ODDEVN
2025-04-13 18:09:54.297114 - Found #OF.txt (text/plain) in CBT.V508.FILE282.PDS, moved to PDS/#OF
2025-04-13 18:09:54.297183 - Found #OJ.txt (text/plain) in CBT.V508.FILE282.PDS, moved to PDS/#OJ
2025-04-13 18:09:54.297272 - Found #OO.txt (text/plain) in CBT.V508.FILE282.PDS, moved to PDS/#OO
2025-04-13 18:09:54.297357 - Found #OOPRT.txt (text/plain) in CBT.V508.FILE282.PDS, moved to PDS/#OOPRT
2025-04-13 18:09:54.297433 - Found #OPTEST.txt (text/plain) in CBT.V508.FILE282.PDS, moved to PDS/#OPTEST
2025-04-13 18:09:54.297509 - Found #OUSTAT.txt (text/plain) in CBT.V508.FILE282.PDS, moved to PDS/#OUSTAT
2025-04-13 18:09:54.297583 - Found #OV.txt (text/plain) in CBT.V508.FILE282.PDS, moved to PDS/#OV
2025-04-13 18:09:54.297652 - Found #OVREMOV.txt (text/plain) in CBT.V508.FILE282.PDS, moved to PDS/#OVREMOV
2025-04-13 18:09:54.297722 - Found #PA.txt (text/plain) in CBT.V508.FILE282.PDS, moved to PDS/#PA
2025-04-13 18:09:54.297794 - Found #PAGE.txt (text/plain) in CBT.V508.FILE282.PDS, moved to PDS/#PAGE
2025-04-13 18:09:54.297887 - Found #PAGEREA.txt (text/plain) in CBT.V508.FILE282.PDS, moved to PDS/#PAGEREA
2025-04-13 18:09:54.297967 - Found #PAGETOP.txt (text/plain) in CBT.V508.FILE282.PDS, moved to PDS/#PAGETOP
2025-04-13 18:09:54.298036 - Found #PD.txt (text/plain) in CBT.V508.FILE282.PDS, moved to PDS/#PD
2025-04-13 18:09:54.298119 - Found #PE.txt (text/plain) in CBT.V508.FILE282.PDS, moved to PDS/#PE
2025-04-13 18:09:54.298195 - Found #PI.txt (text/plain) in CBT.V508.FILE282.PDS, moved to PDS/#PI
2025-04-13 18:09:54.298269 - Found #PL.txt (text/plain) in CBT.V508.FILE282.PDS, moved to PDS/#PL
2025-04-13 18:09:54.298351 - Found #PN.txt (text/plain) in CBT.V508.FILE282.PDS, moved to PDS/#PN
2025-04-13 18:09:54.298425 - Found #PNUMFMT.txt (text/plain) in CBT.V508.FILE282.PDS, moved to PDS/#PNUMFMT
2025-04-13 18:09:54.298497 - Found #PP.txt (text/plain) in CBT.V508.FILE282.PDS, moved to PDS/#PP
2025-04-13 18:09:54.298568 - Found #PR.txt (text/plain) in CBT.V508.FILE282.PDS, moved to PDS/#PR
2025-04-13 18:09:54.298644 - Found #PRINT.txt (text/plain) in CBT.V508.FILE282.PDS, moved to PDS/#PRINT
2025-04-13 18:09:54.298714 - Found #PRINTNB.txt (text/plain) in CBT.V508.FILE282.PDS, moved to PDS/#PRINTNB
2025-04-13 18:09:54.298786 - Found #PRLIN.txt (text/plain) in CBT.V508.FILE282.PDS, moved to PDS/#PRLIN
2025-04-13 18:09:54.298856 - Found #PRNUM.txt (text/plain) in CBT.V508.FILE282.PDS, moved to PDS/#PRNUM
2025-04-13 18:09:54.298927 - Found #PRRCADD.txt (text/plain) in CBT.V508.FILE282.PDS, moved to PDS/#PRRCADD
2025-04-13 18:09:54.298998 - Found #PRSKSPC.txt (text/plain) in CBT.V508.FILE282.PDS, moved to PDS/#PRSKSPC
2025-04-13 18:09:54.299067 - Found #PRTARG.txt (text/plain) in CBT.V508.FILE282.PDS, moved to PDS/#PRTARG
2025-04-13 18:09:54.299139 - Found #PRTERM.txt (text/plain) in CBT.V508.FILE282.PDS, moved to PDS/#PRTERM
2025-04-13 18:09:54.299211 - Found #PS.txt (text/plain) in CBT.V508.FILE282.PDS, moved to PDS/#PS
2025-04-13 18:09:54.299290 - Found #PT.txt (text/plain) in CBT.V508.FILE282.PDS, moved to PDS/#PT
2025-04-13 18:09:54.299366 - Found #PU.txt (text/plain) in CBT.V508.FILE282.PDS, moved to PDS/#PU
2025-04-13 18:09:54.299445 - Found #PUNCADJ.txt (text/plain) in CBT.V508.FILE282.PDS, moved to PDS/#PUNCADJ
2025-04-13 18:09:54.299522 - Found #PUTCONS.txt (text/plain) in CBT.V508.FILE282.PDS, moved to PDS/#PUTCONS
2025-04-13 18:09:54.299594 - Found #PUTPRT.txt (text/plain) in CBT.V508.FILE282.PDS, moved to PDS/#PUTPRT
2025-04-13 18:09:54.299663 - Found #PUTTERM.txt (text/plain) in CBT.V508.FILE282.PDS, moved to PDS/#PUTTERM
2025-04-13 18:09:54.299734 - Found #PUWORK.txt (text/plain) in CBT.V508.FILE282.PDS, moved to PDS/#PUWORK
2025-04-13 18:09:54.299810 - Found #PV.txt (text/plain) in CBT.V508.FILE282.PDS, moved to PDS/#PV
2025-04-13 18:09:54.299880 - Found #QQ.txt (text/plain) in CBT.V508.FILE282.PDS, moved to PDS/#QQ
2025-04-13 18:09:54.299951 - Found #QT.txt (text/plain) in CBT.V508.FILE282.PDS, moved to PDS/#QT
2025-04-13 18:09:54.300042 - Found #QUITS.txt (text/plain) in CBT.V508.FILE282.PDS, moved to PDS/#QUITS
2025-04-13 18:09:54.300113 - Found #RA.txt (text/plain) in CBT.V508.FILE282.PDS, moved to PDS/#RA
2025-04-13 18:09:54.300191 - Found #RC.txt (text/plain) in CBT.V508.FILE282.PDS, moved to PDS/#RC
2025-04-13 18:09:54.300263 - Found #RD.txt (text/plain) in CBT.V508.FILE282.PDS, moved to PDS/#RD
2025-04-13 18:09:54.300343 - Found #RDCLOSE.txt (text/plain) in CBT.V508.FILE282.PDS, moved to PDS/#RDCLOSE
2025-04-13 18:09:54.300415 - Found #RDDDREP.txt (text/plain) in CBT.V508.FILE282.PDS, moved to PDS/#RDDDREP
2025-04-13 18:09:54.300491 - Found #RDEJCT.txt (text/plain) in CBT.V508.FILE282.PDS, moved to PDS/#RDEJCT
2025-04-13 18:09:54.300559 - Found #RDERROR.txt (text/plain) in CBT.V508.FILE282.PDS, moved to PDS/#RDERROR
2025-04-13 18:09:54.300629 - Found #RDEXIT.txt (text/plain) in CBT.V508.FILE282.PDS, moved to PDS/#RDEXIT
2025-04-13 18:09:54.300703 - Found #RDFBUFF.txt (text/plain) in CBT.V508.FILE282.PDS, moved to PDS/#RDFBUFF
2025-04-13 18:09:54.300774 - Found #RDFILE.txt (text/plain) in CBT.V508.FILE282.PDS, moved to PDS/#RDFILE
2025-04-13 18:09:54.300848 - Found #RDFINDF.txt (text/plain) in CBT.V508.FILE282.PDS, moved to PDS/#RDFINDF
2025-04-13 18:09:54.300921 - Found #RDGBUFF.txt (text/plain) in CBT.V508.FILE282.PDS, moved to PDS/#RDGBUFF
2025-04-13 18:09:54.300992 - Found #RDJIGG.txt (text/plain) in CBT.V508.FILE282.PDS, moved to PDS/#RDJIGG
2025-04-13 18:09:54.301068 - Found #RDLINE.txt (text/plain) in CBT.V508.FILE282.PDS, moved to PDS/#RDLINE
2025-04-13 18:09:54.301142 - Found #RDPOP.txt (text/plain) in CBT.V508.FILE282.PDS, moved to PDS/#RDPOP
2025-04-13 18:09:54.301214 - Found #RDPURGE.txt (text/plain) in CBT.V508.FILE282.PDS, moved to PDS/#RDPURGE
2025-04-13 18:09:54.301297 - Found #RDPURON.txt (text/plain) in CBT.V508.FILE282.PDS, moved to PDS/#RDPURON
2025-04-13 18:09:54.301382 - Found #RDPUSH.txt (text/plain) in CBT.V508.FILE282.PDS, moved to PDS/#RDPUSH
2025-04-13 18:09:54.301464 - Found #RDRECD.txt (text/plain) in CBT.V508.FILE282.PDS, moved to PDS/#RDRECD
2025-04-13 18:09:54.301536 - Found #RDREWIN.txt (text/plain) in CBT.V508.FILE282.PDS, moved to PDS/#RDREWIN
2025-04-13 18:09:54.301613 - Found #RDSCANF.txt (text/plain) in CBT.V508.FILE282.PDS, moved to PDS/#RDSCANF
2025-04-13 18:09:54.301689 - Found #RE.txt (text/plain) in CBT.V508.FILE282.PDS, moved to PDS/#RE
2025-04-13 18:09:54.301763 - Found #READ.txt (text/plain) in CBT.V508.FILE282.PDS, moved to PDS/#READ
2025-04-13 18:09:54.301832 - Found #REGS.txt (text/plain) in CBT.V508.FILE282.PDS, moved to PDS/#REGS
2025-04-13 18:09:54.301941 - Found #RGNMGR.txt (text/plain) in CBT.V508.FILE282.PDS, moved to PDS/#RGNMGR
2025-04-13 18:09:54.302014 - Found #RIGHTAD.txt (text/plain) in CBT.V508.FILE282.PDS, moved to PDS/#RIGHTAD
2025-04-13 18:09:54.302098 - Found #RM.txt (text/plain) in CBT.V508.FILE282.PDS, moved to PDS/#RM
2025-04-13 18:09:54.302183 - Found #RMCOND.txt (text/plain) in CBT.V508.FILE282.PDS, moved to PDS/#RMCOND
2025-04-13 18:09:54.302278 - Found #RMIMBED.txt (text/plain) in CBT.V508.FILE282.PDS, moved to PDS/#RMIMBED
2025-04-13 18:09:54.302373 - Found #RMNEXT.txt (text/plain) in CBT.V508.FILE282.PDS, moved to PDS/#RMNEXT
2025-04-13 18:09:54.302447 - Found #RO.txt (text/plain) in CBT.V508.FILE282.PDS, moved to PDS/#RO
2025-04-13 18:09:54.302517 - Found #RV.txt (text/plain) in CBT.V508.FILE282.PDS, moved to PDS/#RV
2025-04-13 18:09:54.302587 - Found #SA.txt (text/plain) in CBT.V508.FILE282.PDS, moved to PDS/#SA
2025-04-13 18:09:54.302657 - Found #SC.txt (text/plain) in CBT.V508.FILE282.PDS, moved to PDS/#SC
2025-04-13 18:09:54.302727 - Found #SCRIPUT.txt (text/plain) in CBT.V508.FILE282.PDS, moved to PDS/#SCRIPUT
2025-04-13 18:09:54.302795 - Found #SE.txt (text/plain) in CBT.V508.FILE282.PDS, moved to PDS/#SE
2025-04-13 18:09:54.302867 - Found #SI.txt (text/plain) in CBT.V508.FILE282.PDS, moved to PDS/#SI
2025-04-13 18:09:54.302942 - Found #SK.txt (text/plain) in CBT.V508.FILE282.PDS, moved to PDS/#SK
2025-04-13 18:09:54.303015 - Found #SP.txt (text/plain) in CBT.V508.FILE282.PDS, moved to PDS/#SP
2025-04-13 18:09:54.303085 - Found #SPACEIM.txt (text/plain) in CBT.V508.FILE282.PDS, moved to PDS/#SPACEIM
2025-04-13 18:09:54.303160 - Found #SPACER.txt (text/plain) in CBT.V508.FILE282.PDS, moved to PDS/#SPACER
2025-04-13 18:09:54.303237 - Found #SR.txt (text/plain) in CBT.V508.FILE282.PDS, moved to PDS/#SR
2025-04-13 18:09:54.303315 - Found #SRCHRN.txt (text/plain) in CBT.V508.FILE282.PDS, moved to PDS/#SRCHRN
2025-04-13 18:09:54.303397 - Found #SS.txt (text/plain) in CBT.V508.FILE282.PDS, moved to PDS/#SS
2025-04-13 18:09:54.303469 - Found #SU.txt (text/plain) in CBT.V508.FILE282.PDS, moved to PDS/#SU
2025-04-13 18:09:54.303540 - Found #SY.txt (text/plain) in CBT.V508.FILE282.PDS, moved to PDS/#SY
2025-04-13 18:09:54.303610 - Found #SYABEND.txt (text/plain) in CBT.V508.FILE282.PDS, moved to PDS/#SYABEND
2025-04-13 18:09:54.303680 - Found #SYCONSW.txt (text/plain) in CBT.V508.FILE282.PDS, moved to PDS/#SYCONSW
2025-04-13 18:09:54.303751 - Found #SYFMAIN.txt (text/plain) in CBT.V508.FILE282.PDS, moved to PDS/#SYFMAIN
2025-04-13 18:09:54.303820 - Found #SYGMAIN.txt (text/plain) in CBT.V508.FILE282.PDS, moved to PDS/#SYGMAIN
2025-04-13 18:09:54.303894 - Found #SYMCLR.txt (text/plain) in CBT.V508.FILE282.PDS, moved to PDS/#SYMCLR
2025-04-13 18:09:54.303966 - Found #SYMSR.txt (text/plain) in CBT.V508.FILE282.PDS, moved to PDS/#SYMSR
2025-04-13 18:09:54.304039 - Found #SYMUR.txt (text/plain) in CBT.V508.FILE282.PDS, moved to PDS/#SYMUR
2025-04-13 18:09:54.304112 - Found #SYMUSL.txt (text/plain) in CBT.V508.FILE282.PDS, moved to PDS/#SYMUSL
2025-04-13 18:09:54.304182 - Found #SYPUT.txt (text/plain) in CBT.V508.FILE282.PDS, moved to PDS/#SYPUT
2025-04-13 18:09:54.304252 - Found #SYPUTCL.txt (text/plain) in CBT.V508.FILE282.PDS, moved to PDS/#SYPUTCL
2025-04-13 18:09:54.304326 - Found #SYPUTOP.txt (text/plain) in CBT.V508.FILE282.PDS, moved to PDS/#SYPUTOP
2025-04-13 18:09:54.304421 - Found #SYSPIE.txt (text/plain) in CBT.V508.FILE282.PDS, moved to PDS/#SYSPIE
2025-04-13 18:09:54.304504 - Found #SYSREFS.txt (text/plain) in CBT.V508.FILE282.PDS, moved to PDS/#SYSREFS
2025-04-13 18:09:54.304577 - Found #SYTEST.txt (text/plain) in CBT.V508.FILE282.PDS, moved to PDS/#SYTEST
2025-04-13 18:09:54.304647 - Found #SYTIME.txt (text/plain) in CBT.V508.FILE282.PDS, moved to PDS/#SYTIME
2025-04-13 18:09:54.304718 - Found #SYWTO.txt (text/plain) in CBT.V508.FILE282.PDS, moved to PDS/#SYWTO
2025-04-13 18:09:54.304789 - Found #TABCHK.txt (text/plain) in CBT.V508.FILE282.PDS, moved to PDS/#TABCHK
2025-04-13 18:09:54.304918 - Found #TABFILL.txt (text/plain) in CBT.V508.FILE282.PDS, moved to PDS/#TABFILL
2025-04-13 18:09:54.304994 - Found #TABIT.txt (text/plain) in CBT.V508.FILE282.PDS, moved to PDS/#TABIT
2025-04-13 18:09:54.305065 - Found #TABITA.txt (text/plain) in CBT.V508.FILE282.PDS, moved to PDS/#TABITA
2025-04-13 18:09:54.305134 - Found #TABITC.txt (text/plain) in CBT.V508.FILE282.PDS, moved to PDS/#TABITC
2025-04-13 18:09:54.305197 - Found #TABITL.txt (text/plain) in CBT.V508.FILE282.PDS, moved to PDS/#TABITL
2025-04-13 18:09:54.305258 - Found #TABITR.txt (text/plain) in CBT.V508.FILE282.PDS, moved to PDS/#TABITR
2025-04-13 18:09:54.305345 - Found #TABPCC.txt (text/plain) in CBT.V508.FILE282.PDS, moved to PDS/#TABPCC
2025-04-13 18:09:54.305431 - Found #TB.txt (text/plain) in CBT.V508.FILE282.PDS, moved to PDS/#TB
2025-04-13 18:09:54.305510 - Found #TBCBLK.txt (text/plain) in CBT.V508.FILE282.PDS, moved to PDS/#TBCBLK
2025-04-13 18:09:54.305583 - Found #TBFBLK.txt (text/plain) in CBT.V508.FILE282.PDS, moved to PDS/#TBFBLK
2025-04-13 18:09:54.305660 - Found #TBGBLK.txt (text/plain) in CBT.V508.FILE282.PDS, moved to PDS/#TBGBLK
2025-04-13 18:09:54.305723 - Found #TBGMON.txt (text/plain) in CBT.V508.FILE282.PDS, moved to PDS/#TBGMON
2025-04-13 18:09:54.305791 - Found #TC.txt (text/plain) in CBT.V508.FILE282.PDS, moved to PDS/#TC
2025-04-13 18:09:54.305854 - Found #TE.txt (text/plain) in CBT.V508.FILE282.PDS, moved to PDS/#TE
2025-04-13 18:09:54.305923 - Found #TH.txt (text/plain) in CBT.V508.FILE282.PDS, moved to PDS/#TH
2025-04-13 18:09:54.305993 - Found #TI.txt (text/plain) in CBT.V508.FILE282.PDS, moved to PDS/#TI
2025-04-13 18:09:54.306062 - Found #TM.txt (text/plain) in CBT.V508.FILE282.PDS, moved to PDS/#TM
2025-04-13 18:09:54.306181 - Found #TR.txt (text/plain) in CBT.V508.FILE282.PDS, moved to PDS/#TR
2025-04-13 18:09:54.306255 - Found #UC.txt (text/plain) in CBT.V508.FILE282.PDS, moved to PDS/#UC
2025-04-13 18:09:54.306328 - Found #UD.txt (text/plain) in CBT.V508.FILE282.PDS, moved to PDS/#UD
2025-04-13 18:09:54.306410 - Found #UL.txt (text/plain) in CBT.V508.FILE282.PDS, moved to PDS/#UL
2025-04-13 18:09:54.306484 - Found #UN.txt (text/plain) in CBT.V508.FILE282.PDS, moved to PDS/#UN
2025-04-13 18:09:54.306554 - Found #UP.txt (text/plain) in CBT.V508.FILE282.PDS, moved to PDS/#UP
2025-04-13 18:09:54.306655 - Found #UR.txt (text/plain) in CBT.V508.FILE282.PDS, moved to PDS/#UR
2025-04-13 18:09:54.306730 - Found #US.txt (text/plain) in CBT.V508.FILE282.PDS, moved to PDS/#US
2025-04-13 18:09:54.306804 - Found #VTRAPS.txt (text/plain) in CBT.V508.FILE282.PDS, moved to PDS/#VTRAPS
2025-04-13 18:09:54.306875 - Found #WD.txt (text/plain) in CBT.V508.FILE282.PDS, moved to PDS/#WD
2025-04-13 18:09:54.306945 - Found @FILE282.txt (text/plain) in CBT.V508.FILE282.PDS, moved to PDS/@FILE282
2025-04-13 18:09:54.307015 - Found SYSDSECT.txt (text/plain) in CBT.V508.FILE282.PDS, moved to PDS/SYSDSECT
2025-04-13 18:09:54.307088 - Found SYSIODEF.txt (text/plain) in CBT.V508.FILE282.PDS, moved to PDS/SYSIODEF
2025-04-13 18:09:54.307165 - Found TPUT.txt (text/plain) in CBT.V508.FILE282.PDS, moved to PDS/TPUT
2025-04-13 18:09:54.307243 - Found WRTERM.txt (text/plain) in CBT.V508.FILE282.PDS, moved to PDS/WRTERM
